-100033442
-100038497
-100043795
-100061548
-100069840
-100070500
-100076488
-1001002079035
-1001002104110
-1001003859102
-1001006166430
-1001006857533
-1001011324860
-1001020533349
-1001020969956
-1001021393878
-1001021693500
-1001023358961
-1001026383671
-1001030162723
-1001030921942
-1001031706547
-1001031795866
-1001032492936
-1001033413532
-1001033954246
-1001034240795
-1001034367969
-1001035321534
-1001035945387
-1001036393317
-1001036462736
-1001037282167
-1001039044808
-1001039309117
-1001039727312
-1001040222827
-1001040238787
-1001040571172
-1001040856011
-1001041114687
-1001041731781
-1001041895690
-1001042480200
-1001042533191
-1001042992064
-1001043308293
-1001043707928
-1001044435678
-1001044519523
-1001045125357
-1001045399730
-1001045712715
-1001045833447
-1001045860706
-1001046612163
-1001046715063
-1001048199352
-1001048486267
-1001049037409
-1001049050597
-1001049280461
-1001049363054
-1001050039193
-1001050312827
-1001050363819
-1001050367122
-1001050400963
-1001050470541
-1001050611165
-1001050786397
-1001050808401
-1001050813005
-1001050840703
-1001050889314
-1001050898781
-1001051037674
-1001051179176
-1001051243680
-1001051364820
-1001051672960
-1001051735394
-1001051764043
-1001051779940
-1001051782099
-1001051864761
-1001051891602
-1001052235410
-1001052363901
-1001052367210
-1001052378863
-1001052389780
-1001052604831
-1001052627011
-1001052743186
-1001052748614
-1001052766853
-1001052771405
-1001052779091
-1001052808530
-1001052839105
-1001052855829
-1001053064066
-1001053102009
-1001053235003
-1001053287955
-1001053292562
-1001053482323
-1001053606546
-1001053679849
-1001053812188
-1001053817972
-1001053970531
-1001053975443
-1001053983574
-1001053990223
-1001054102960
-1001054115550
-1001054225189
-1001054229791
-1001054241384
-1001054326400
-1001054332528
-1001054472253
-1001054477954
-1001054522162
-1001054559737
-1001054619339
-1001054653721
-1001054891710
-1001054910735
-1001054947402
-1001055010010
-1001055022388
-1001055035542
-1001055213381
-1001055330113
-1001055435596
-1001055520825
-1001055588380
-1001055661330
-1001055875981
-1001055896881
-1001055942517
-1001056100354
-1001056113965
-1001056145132
-1001056151194
-1001056172545
-1001056197128
-1001056234437
-1001056264961
-1001056322597
-1001056384136
-1001056710121
-1001056722501
-1001056738997
-1001056845773
-1001057022513
-1001057100861
-1001057202547
-1001057239152
-1001057413912
-1001057516616
-1001057546154
-1001057564901
-1001057572875
-1001057837586
-1001057899437
-1001057914694
-1001058032063
-1001058070183
-1001058098138
-1001058181636
-1001058198017
-1001058395507
-1001058544216
-1001058790647
-1001058885114
-1001058907727
-1001059233833
-1001059589821
-1001059629844
-1001060077555
-1001060210590
-1001060383562
-1001060442196
-1001060471054
-1001060523265
-1001060541971
-1001061015322
-1001061055936
-1001061075893
-1001061169468
-1001061191956
-1001061198003
-1001061238390
-1001061424752
-1001061527684
-1001061850427
-1001061948467
-1001061969633
-1001061976885
-1001061992963
-1001062037651
-1001062162127
-1001062214918
-1001062359272
-1001062498810
-1001062522427
-1001062539818
-1001062546907
-1001062670632
-1001063065937
-1001063221518
-1001063241806
-1001063375137
-1001063381115
-1001063472550
-1001063697250
-1001063933604
-1001064137433
-1001064256605
-1001064295991
-1001064418366
-1001064431838
-1001064446664
-1001064485988
-1001064532232
-1001064716230
-1001064737717
-1001065039445
-1001065130939
-1001065141309
-1001065369269
-1001065652936
-1001065798861
-1001065819530
-1001065846935
-1001065953505
-1001065972939
-1001066010517
-1001066060909
-1001066168934
-1001066553815
-1001066608009
-1001066643558
-1001066647109
-1001066796387
-1001066862331
-1001066966481
-1001067110423
-1001067146456
-1001067406441
-1001067452723
-1001067569112
-1001067645021
-1001067773275
-1001067784339
-1001067791133
-1001067836942
-1001067861206
-1001067931642
-1001068013665
-1001068062625
-1001068075812
-1001068135878
-1001068239087
-1001068493421
-1001068519802
-1001068550514
-1001068611698
-1001068662719
-1001068712050
-1001068723866
-1001068985531
-1001069027455
-1001069101230
-1001069145212
-1001069177181
-1001069387204
-1001069390190
-1001069404072
-1001069474468
-1001069479403
-1001069538940
-1001069619071
-1001069639704
-100109119
-100128666
-100224092
-100262159
-100363248
-100385230
-100400797
-100402535
-100479707
-100522998
-100532236
-100594944
-100618181
-100621845
-100656735
-100662656
-100690345
-10071568
-100715740
-100766418
-100813993
-100832421
-100852542
-100919447
-100954533
-100986512
-101054048
-101066673
-101093093
-101105695
-101111675
-101141592
-101149649
-101167551
-101209277
-101227797
-101243055
-101288030
-101308211
-10134888
-101436130
-101445809
-101482974
-101500623
-101538300
-101538940
-101567958
-101579808
-101590972
-101682833
-101690419
-101691735
-101693477
-101695204
-101774684
-101797977
-101831841
-101965692
-101980200
-101992306
-102027203
-102038943
-102076386
-102093155
-102134997
-102136394
-102138761
-102162520
-102198539
-102206098
-102221002
-102298384
-102313896
-102326163
-102352919
-102379806
-102396112
-102414299
-102442381
-102444616
-102472493
-102485828
-102520706
-102526064
-102531269
-102541417
-102550396
-102584120
-102619231
-102643521
-102657886
-102669730
-102690809
-102719656
-102779157
-102784390
-102791213
-102825412
-102846192
-102893366
-102922529
-102927296
-102941648
-102959381
-102965632
-103047330
-103050070
-103107814
-10321628
-103252173
-103257299
-103258648
-103295342
-103317213
-103337805
-103350676
-103389226
-103396780
-103447095
-103458991
-103537771
-103539166
-103543320
-103565445
-103576450
-103626824
-103643952
-103655729
-103685658
-103704767
-103724935
-103724983
-103727054
-103738388
-103774440
-103832212
-103947573
-103947683
-103964578
-103966114
-103991391
-104015601
-104026487
-104067975
-104081509
-104089947
-104133668
-104147583
-104203274
-104234362
-104245226
-104280772
-104282709
-104308058
-104318542
-104335848
-104341969
-104366254
-104367264
-104385336
-104393521
-104397862
-104441298
-104445652
-104446278
-104449645
-104466774
-104469315
-104588867
-104599758
-104601755
-104612854
-104617637
-104630595
-104662784
-104708465
-104727577
-104766331
-104771423
-104800207
-104805975
-104826788
-104845070
-104850488
-104863034
-104898760
-104900740
-104906046
-104907665
-10492657
-104950898
-104991812
-105033954
-105115456
-105123283
-105132502
-105143859
-105169909
-105176977
-105177517
-105181070
-105186682
-105191587
-105195585
-105209477
-105217656
-105223425
-105284062
-105288311
-105308465
-105339456
-105465316
-105482799
-105489891
-105522559
-105535919
-105571532
-105644953
-105696138
-105706397
-105723213
-105756928
-105783029
-105790360
-105793409
-105845541
-105900723
-105925007
-105927291
-105930006
-105944631
-105957755
-105971772
-105986264
-106043577
-106080351
-106081380
-106118895
-106124641
-106160098
-10620584
-106210974
-106242445
-106249970
-106254979
-106310068
-106315189
-106325171
-106401501
-106405674
-106488788
-106558914
-106626240
-106626575
-106660581
-106733442
-106760168
-106767100
-106803975
-106812326
-106826874
-106855264
-106856696
-106865234
-106881161
-106891401
-10694450
-106950511
-106976796
-106994937
-107124884
-107192604
-107215815
-107221259
-107246137
-107328706
-107357116
-107405196
-107427867
-107428771
-107429022
-107473945
-107530714
-107542079
-107550127
-107617292
-107642847
-107651577
-107690068
-107703219
-107717015
-107717133
-107735178
-107740079
-107741897
-107743505
-107745672
-10775038
-107770200
-107771428
-107780611
-107823416
-107840506
-107899448
-107917693
-107933381
-107933493
-107953412
-107962001
-107986470
-107993419
-107993588
-108014321
-108029695
-108112929
-108113498
-108123574
-108166551
-108218035
-108237583
-108270287
-108281348
-108290187
-108328998
-108345161
-108348107
-108362887
-108368795
-108473514
-108490804
-10850283
-108524349
-108554391
-108568799
-108575656
-108627152
-108628694
-108734668
-108737409
-108788317
-108804128
-108805392
-108820329
-108892747
-108933474
-108935770
-109009904
-109029524
-109094839
-109153862
-109156502
-109162548
-109180334
-109180639
-109181759
-109274879
-109292655
-109325582
-109394420
-109424585
-109442583
-109464022
-109493349
-109559320
-109635225
-109721088
-109735873
-109736844
-109753477
-109757139
-109791020
-109832186
-109837113
-109842357
-109903658
-109918383
-110006929
-110048643
-110050842
-110057327
-110065718
-110073958
-110113741
-110125500
-110127979
-110136294
-110169679
-110218007
-110221457
-110223436
-110226163
-110234672
-110235198
-110254289
-110255424
-110265469
-110267332
-110274521
-110290822
-110291636
-110306521
-110315947
-110360508
-110394291
-110398295
-110400385
-11043723
-110439553
-110446945
-11045425
-110473089
-110480711
-110481207
-110489676
-110491493
-110501129
-110505394
-110507702
-110572528
-110587646
-110587812
-110603534
-110610469
-110629237
-110660654
-110676822
-110685040
-110707221
-110722002
-110730226
-110732838
-110738600
-110749214
-110755588
-110760560
-110760662
-110781005
-110785084
-110787817
-110795670
-110817988
-110820780
-110827519
-110834517
-110848968
-110857070
-110888892
-110890544
-110933670
-110954707
-110972920
-110978235
-110983319
-110994152
-111003158
-111018886
-111023470
-111034360
-111034989
-111054157
-111065350
-111086622
-111120854
-111123144
-111133027
-111138553
-111139096
-111180467
-111187118
-111188165
-111202865
-111218911
-111227903
-111265115
-111297042
-111299594
-111331609
-111335972
-111340434
-111375208
-111380601
-111381270
-111384424
-111390717
-111392570
-111400175
-111425558
-111449465
-111482146
-111492753
-111522033
-111522685
-111537020
-111578210
-111601121
-111606207
-111626273
-111635463
-111638711
-111664574
-111670679
-111678359
-111682779
-111684423
-111691572
-111697159
-111717392
-111735131
-111766916
-111774650
-111791400
-111802127
-111805919
-111833562
-111846272
-111848411
-111851329
-111851766
-111854644
-111886570
-111888813
-111899490
-111905933
-111957106
-111968327
-111971211
-111976469
-111988213
-111988952
-111994920
-111998406
-112009964
-112010130
-112013351
-112021939
-11203485
-112075529
-112078274
-112082463
-112091069
-112108159
-112120926
-112150746
-112183587
-112184599
-112193988
-112199326
-112213775
-112226135
-112238098
-112251177
-112254040
-112257350
-112286256
-112302801
-112309929
-112318762
-112322612
-112327003
-112336888
-112375100
-112387121
-112401615
-112417227
-112459599
-112463368
-112469462
-112489246
-112490165
-112501107
-112503927
-112504693
-112540352
-112545735
-112566503
-112573185
-112598804
-112630429
-112636167
-112640428
-112649285
-112669551
-112670760
-112713013
-112723232
-112729439
-112737334
-112743629
-112756411
-112762494
-112766902
-112790168
-112799013
-112803173
-112803486
-112808867
-112846967
-112854799
-112861085
-112866454
-112880359
-112882899
-112891104
-11289705
-112902082
-112912682
-112924036
-112936967
-112959308
-112965185
-112972520
-112973373
-112975458
-112983406
-112984037
-112984065
-112984734
-112992835
-113006504
-113063505
-113068655
-113077715
-113083683
-113083809
-113093239
-113109616
-113122352
-113147677
-113188754
-113198849
-113216934
-113235394
-113262030
-113262785
-113283740
-113326133
-113332757
-113354050
-113356320
-113368644
-113370690
-113380572
-113383224
-113384084
-113394419
-113406678
-113418487
-113420370
-113441072
-113474244
-113490449
-113507243
-113515037
-113523346
-113531977
-113568024
-113573934
-113581138
-113582001
-113584258
-113586635
-113587782
-113604077
-113613481
-113619373
-113628736
-113639216
-113639678
-113642230
-113648340
-113654989
-113673466
-113677824
-113691213
-113691494
-113711575
-113711676
-113721957
-113726787
-113731525
-113733897
-113743433
-113756187
-113761531
-113796399
-113808470
-113837304
-113843046
-113866842
-113871488
-113871866
-113875615
-113909376
-113910244
-113916953
-113917409
-113934225
-113961654
-113980037
-113993566
-114015544
-114016976
-114021039
-114024333
-114046273
-114080227
-114111963
-114112303
-114144386
-114148697
-114150405
-114170537
-114180715
-114185615
-114186710
-114193022
-114202133
-114206669
-114210608
-114241267
-114248052
-114248581
-114283145
-114316321
-114334713
-114358533
-114380632
-114392408
-114403818
-114419901
-114438262
-114479774
-114488465
-114502350
-114504372
-114505373
-114532294
-114539276
-114565875
-114565959
-114573441
-114594255
-114604962
-114633255
-114635542
-114638513
-114643397
-114654572
-114660035
-114686133
-114704171
-114706334
-114707951
-114709592
-114713762
-114720466
-114747667
-114771355
-114775545
-114777312
-114779286
-114784577
-114788161
-114794774
-11480367
-114805166
-114805472
-114810695
-114829115
-114836781
-114837384
-114841891
-114844596
-114859670
-114860495
-114862691
-114878027
-114885217
-114898691
-114899348
-114908051
-114923010
-114925315
-114931626
-114938038
-114987078
-115007449
-115010934
-115036276
-115055488
-115068365
-115078331
-115078596
-115098389
-115110766
-115117120
-115126227
-115126617
-115132997
-115142407
-115166380
-115173857
-11518217
-115204671
-115210183
-115219706
-115234236
-115259332
-11527441
-115293299
-115295786
-115306967
-115310817
-115319860
-115350380
-115379521
-115387812
-115393213
-115401666
-115423711
-115431327
-115437667
-115465939
-115466060
-115467640
-115472268
-115493637
-115552660
-115552741
-115589771
-115615786
-115641939
-115650362
-115657005
-115671100
-115686989
-115692625
-11573226
-115769000
-115780023
-115780465
-115781724
-115783020
-115783902
-115788043
-115792849
-115794993
-115869865
-115882533
-115882886
-115892516
-115894914
-115896280
-115900258
-115905898
-115914879
-115927649
-115929588
-115941093
-115943657
-115954901
-115975786
-115995115
-116013403
-116022109
-116022829
-116046409
-116053987
-116091824
-116135193
-116138726
-116192516
-116237121
-116241974
-116248168
-116274799
-116282680
-116290684
-116342294
-116344765
-116356999
-116361942
-116380223
-116397297
-116405792
-116416455
-116416928
-116419266
-116432275
-116442946
-116470030
-116472647
-116474685
-116506118
-116510783
-116511654
-116537162
-116580546
-116588824
-116601632
-116614669
-116632193
-116639045
-116652769
-116662807
-116662970
-116665146
-116669317
-116676576
-116678429
-116683891
-116686912
-116713041
-116716497
-116717824
-116734994
-116742011
-116744032
-116745698
-116746865
-116798930
-116814759
-116834168
-116847257
-116864276
-116866335
-116872518
-116885704
-116889495
-116890183
-116900598
-116903057
-116916486
-116921514
-116927139
-116945833
-116955653
-116961818
-116962933
-116969349
-116972648
-116977205
-117000450
-117001336
-117008695
-117014983
-117015922
-117022619
-117038308
-117051427
-117069814
-117070114
-117073540
-117081903
-117082347
-117084696
-117108313
-117117144
-117131116
-117135175
-117141622
-117148597
-117149275
-117203360
-117212937
-117219225
-117220058
-117235332
-117237066
-117255587
-117257851
-117270719
-117286789
-117287835
-117293954
-117297622
-117331824
-117332212
-117351239
-117368461
-117370778
-117376206
-117393813
-117409606
-117412879
-117441002
-117462038
-117474231
-117479821
-117485731
-117509947
-117521166
-117521452
-11755803
-117563539
-117568489
-117577431
-117580419
-117585552
-117624104
-117632425
-117640753
-117651066
-117658532
-117666047
-117674338
-117675907
-117685435
-117688736
-117705696
-117723056
-117740633
-117779705
-117779915
-117782614
-117816618
-117827893
-117840229
-117859681
-117863099
-117886711
-117916121
-117927152
-117935040
-117949676
-118008701
-118018874
-118033015
-118034925
-118042905
-118045129
-118060607
-118062380
-118083929
-118099919
-118119040
-118128615
-118134147
-118146864
-118158829
-118162510
-118172005
-118174161
-118181406
-118202885
-118223401
-1182783
-118299514
-118329241
-118345753
-118346027
-118350152
-118352928
-118365743
-118382342
-118393983
-118402246
-118408120
-11848148
-118508277
-118508367
-118539708
-118551661
-118567276
-118572934
-118575847
-118578474
-118587264
-118588904
-11859462
-118635484
-118654508
-118665745
-118677071
-118703101
-118707279
-118733434
-118741912
-118750581
-118754667
-118787638
-118789083
-118796568
-118796756
-118823064
-118834332
-118868242
-118893420
-118894484
-118900940
-118905219
-118915141
-118923721
-118933876
-118935423
-118954116
-118956875
-118958250
-118967706
-118973148
-118998537
-119008411
-119011270
-119039476
-119040737
-119042839
-119094613
-119095849
-119096116
-119123940
-119133827
-119152479
-119164888
-119184800
-119194595
-119202213
-119226999
-119277238
-119283254
-119285260
-119302200
-119314648
-119318127
-119332872
-119333702
-119341639
-119355860
-119373296
-119374253
-119381568
-119394430
-119405892
-119437391
-119438350
-119458716
-119459050
-119470394
-119503
-119550936
-119555935
-119561803
-119570283
-11958015
-119585928
-119608425
-119614458
-119657507
-119685881
-119695829
-119729513
-119733385
-119738594
-119738998
-119768833
-119769446
-119771245
-119802664
-119814947
-119865864
-119868135
-119868735
-119868857
-119896787
-119910350
-119919450
-119945477
-119976834
-119977388
-119985516
-119994142
-119999243
-120017118
-120023045
-120026167
-120026477
-120042068
-120074245
-120083328
-120084459
-120087471
-120119877
-120122024
-120130440
-120135471
-120141283
-120148956
-120155042
-120155309
-120170575
-120172324
-120176805
-120180340
-120202799
-120212239
-120216552
-120224882
-120240506
-120251296
-120263940
-120273469
-120275697
-120278460
-120297817
-120319996
-120325287
-120332519
-120345631
-120349705
-120366905
-120368878
-120403393
-120425387
-120445717
-120448745
-120472870
-120502137
-120513328
-120514019
-120519471
-120520707
-120548035
-120556668
-120569155
-120569437
-120570137
-120572489
-120578209
-120581359
-120582725
-120597641
-120603056
-120620276
-120621751
-120670436
-120677811
-120685901
-120697231
-120699338
-120704172
-120704183
-120709690
-120730334
-120741357
-120744494
-120746393
-120754758
-120756165
-120765849
-120778672
-120779357
-120784071
-120792168
-120792607
-120809344
-120810115
-120811941
-120820228
-120825868
-120837858
-120853900
-120860482
-120871522
-120875568
-120876520
-120877350
-120878980
-120892923
-120919346
-120928260
-120935477
-120935574
-120940585
-120947206
-120949802
-120972732
-120978045
-120986036
-120989666
-121005283
-121027220
-121051393
-121057336
-121057948
-121072991
-121089394
-121103988
-121105159
-121106123
-121108557
-121124129
-121125986
-121130416
-121145999
-121157440
-121157573
-121160323
-121176980
-121183796
-121184293
-121185098
-121212283
-121230156
-121232290
-121233395
-121238176
-121246392
-121246449
-121249214
-121255487
-121265347
-121269920
-121270497
-121276753
-121279211
-121279942
-121298018
-121316929
-121317851
-121328286
-121328855
-121343757
-12137946
-121394111
-121398613
-121399928
-121409184
-121410977
-121413287
-121424783
-121427863
-121453828
-121464482
-121464740
-121480480
-121516856
-121525291
-121533198
-121536968
-121537394
-121538013
-121545304
-121545752
-121546038
-121550142
-121572838
-121576377
-121591399
-121601718
-121632726
-121636169
-121640050
-121657664
-121658705
-121685242
-121688157
-121727513
-121730596
-121732010
-121733651
-121738930
-121746342
-121748597
-121764011
-121797165
-121797224
-121801809
-121814408
-121831358
-121832741
-121836000
-121874425
-121875228
-121875925
-121889801
-121898526
-121910072
-121913780
-121918296
-121926053
-121939081
-121942818
-121976011
-121976616
-121977997
-121989055
-122008383
-122012891
-122014224
-122018319
-122021807
-122027446
-122028077
-122044873
-122050690
-122057995
-122069927
-122074957
-122077048
-122101640
-122102476
-122102811
-122104671
-122108070
-122116780
-122126669
-122153047
-122159293
-122164526
-122165356
-122182194
-122185436
-122199772
-122210738
-122220171
-122220365
-122226080
-122233397
-122251932
-122271858
-122288036
-122294909
-122301071
-122328885
-122368030
-122386023
-122406405
-122411519
-122434171
-122437654
-122447295
-122451384
-122481264
-122481961
-122484171
-122520766
-122527674
-122537667
-122551815
-122558195
-122561774
-122577618
-122579325
-122580208
-122590265
-122594007
-122605215
-122609755
-122625609
-122627612
-122648114
-122660473
-122672953
-122685534
-122687966
-122691812
-122725407
-122725751
-122736926
-122768859
-122793260
-122819808
-122821075
-122827104
-122836787
-122839443
-122844839
-122867184
-122873394
-122877166
-122887711
-122903905
-122931712
-122975325
-122988494
-122994601
-123003451
-123015067
-123016877
-123020371
-123022596
-123022876
-123024303
-123032619
-123050471
-123067201
-123087536
-123090535
-123091500
-123092594
-123116553
-123126976
-123138487
-123141226
-123173093
-123174369
-123194443
-123200388
-123221289
-123222567
-123226093
-123226976
-123228097
-123235982
-123243544
-123269853
-123271490
-12328400
-123288236
-123295038
-123310896
-123319824
-123335542
-123338001
-123352150
-123364692
-123372828
-123382563
-123388379
-123400560
-123414623
-123416865
-123431072
-123434128
-123436337
-123436458
-123443857
-123459325
-123462026
-123462900
-123470122
-123481162
-123484668
-123488076
-123488122
-123490313
-123513813
-123525933
-123549406
-123550539
-123562019
-123563109
-123567264
-123570305
-123572531
-123575299
-123584087
-123593937
-123611517
-123615402
-123638331
-123650587
-123650901
-123654998
-123673135
-123675572
-123676883
-123685202
-123692674
-123702876
-123716415
-123742989
-123745370
-123746702
-123748050
-123751321
-123753110
-123773322
-123773480
-123781551
-12379568
-123810436
-123837862
-123847386
-123847642
-123849872
-123867977
-123890583
-123894505
-123894589
-123895947
-123899712
-123920671
-123923347
-123936261
-123948006
-123949586
-123963643
-123994310
-123996358
-124000440
-124011136
-124017051
-124041990
-124058942
-124063525
-124074639
-124095343
-124106858
-124111379
-124112439
-124112872
-124125595
-124127172
-124132284
-124136153
-124146200
-124160165
-124173964
-124178877
-124213882
-124223395
-124223615
-12425124
-124254425
-124258980
-124260805
-124262702
-124269562
-124284788
-124291013
-124305390
-124307293
-124309371
-124328807
-124332270
-124347147
-124356826
-124369278
-124376584
-124390906
-124400724
-124409418
-124411326
-124416671
-124427699
-124429268
-124438577
-124445196
-124452520
-124457328
-124463534
-124467288
-124470978
-124471026
-124492373
-124494653
-124497454
-124503872
-124504873
-124507979
-124525105
-124525270
-124525950
-124527797
-124535303
-124539324
-124564228
-124568254
-124575398
-124578958
-124586233
-124591072
-124592346
-124592455
-124593777
-124596081
-124602276
-124609067
-124622110
-124630239
-124647036
-124655641
-124660232
-124687248
-124716839
-124728503
-124738256
-124747471
-124756366
-124758543
-124769881
-124775415
-124781046
-124786658
-124810541
-124820325
-124835954
-12483756
-124838792
-124839992
-124841789
-124874341
-124879207
-124881147
-124913785
-124923690
-124923779
-124943413
-124946994
-124956793
-124983632
-125020194
-125026346
-125046359
-125055823
-125056219
-125058687
-125080268
-125081664
-125096193
-125103923
-125124388
-125131694
-125148065
-125152237
-125162974
-125163695
-125169372
-125194303
-125195387
-125201157
-125208439
-125211226
-125223228
-125232169
-125239912
-125248883
-125251031
-125253993
-125281434
-125289469
-125305028
-125332912
-125350934
-125356166
-125375471
-125401680
-125426573
-125429038
-125460529
-125475194
-125478794
-125518452
-125520486
-125530886
-125537486
-125548226
-125557499
-125558982
-125561506
-125576293
-125579577
-125582636
-125591753
-125600042
-125601004
-125606233
-125616206
-125622384
-125643047
-125647705
-125648771
-125653193
-125655001
-125660915
-125666908
-125690897
-125700738
-125702698
-125726130
-125728357
-125734846
-125765294
-125777468
-125793840
-125816766
-125819821
-125820889
-125851190
-125856265
-125863321
-125873542
-125892923
-125898794
-125901800
-125908684
-125909655
-125924280
-125940878
-125969825
-125973865
-125976167
-125980371
-125981231
-125985143
-126000744
-126002420
-126011942
-126032857
-126040680
-126053295
-126055289
-126060809
-126081465
-126081738
-126089744
-126106291
-126131144
-126132647
-126137672
-126140475
-126160558
-126169016
-126170834
-126202700
-126221812
-126238502
-126242990
-126245691
-126254582
-126262963
-126263762
-126289266
-126300060
-126300503
-126303613
-126318798
-12631924
-126336419
-126344720
-126350631
-126354304
-126358542
-126368403
-126383563
-126387444
-126399422
-126399914
-126406433
-126412369
-126413323
-126415821
-126419837
-126422843
-126434597
-126454688
-126469346
-126490433
-126490508
-126495021
-126514017
-126515370
-126516841
-126518229
-126523300
-126525699
-126538332
-126554891
-126561573
-126577122
-126579338
-126594914
-126597018
-126602757
-126611223
-126621005
-126634668
-126636201
-126639993
-126644332
-126650709
-126651997
-126654952
-126661420
-126666126
-126687250
-126699023
-126701116
-126711450
-126723064
-126723680
-126725249
-126726815
-126729018
-126730056
-126748054
-126754272
-126760900
-126769993
-126814650
-126823169
-126823372
-126831040
-126834282
-126843944
-126853352
-126855176
-126860509
-126864425
-126865707
-126868933
-126877800
-126889918
-126898841
-126916160
-126926834
-126955835
-126962109
-126973700
-126977646
-126981386
-127002618
-127017255
-127019990
-127020830
-127026915
-127027476
-127045631
-127082087
-127086651
-127097313
-127111759
-127112485
-127119844
-127123546
-127128496
-127155565
-127159249
-127161712
-127180538
-127184758
-127184865
-127191920
-127197940
-127244640
-127309050
-127310971
-127328372
-127364185
-127373224
-127374738
-127382436
-127384402
-127399090
-127410736
-127414428
-127483833
-127510833
-127516800
-127518674
-127534926
-127536405
-127552096
-127559350
-127561093
-127568019
-127582426
-127595802
-127609986
-127621923
-127628356
-127639164
-127641280
-127644516
-127658133
-127661867
-127678404
-127696494
-127697146
-127698624
-127720994
-127726826
-127738401
-127751946
-127755382
-127760742
-127763764
-127798580
-127805043
-127838868
-127874419
-127879858
-127886544
-127923757
-127927775
-127932471
-127935832
-127936469
-127946277
-127948019
-127961510
-127966853
-127974497
-127976037
-127984889
-128000677
-128016591
-128034208
-128034605
-128054334
-128063771
-128074206
-128079250
-128087068
-128119523
-128131726
-128145156
-128153906
-128154209
-128178606
-128182270
-128197496
-128209991
-12821036
-128212431
-128217281
-128230143
-128240698
-128243646
-128250142
-128279505
-128286465
-128289505
-128292103
-128296689
-128302036
-128302453
-128324703
-128336779
-128339969
-128342687
-128346609
-128360203
-128361394
-128375268
-128376836
-128384554
-128385366
-128396556
-128401789
-128407605
-128416954
-128417904
-128441154
-128452677
-128466666
-128479326
-128489175
-128492323
-128508835
-128509503
-128519660
-128533758
-128548489
-128555827
-128562528
-128576748
-128579227
-128583887
-128596132
-128597467
-128604050
-128621780
-128630108
-128639435
-128648649
-128671834
-128678751
-128679320
-128687658
-128699472
-128704549
-128709808
-128712890
-128719197
-128743001
-128750918
-128774126
-128780550
-128793365
-128794017
-128805650
-128807456
-128807842
-128816320
-128817619
-128831935
-128842809
-128845811
-128846442
-128846692
-128883403
-128886391
-128888061
-128894520
-128916668
-128934563
-128943459
-128947194
-128954675
-128962440
-128963464
-128978996
-128980544
-129025888
-129037736
-129043494
-129044757
-129080303
-129087803
-129087819
-129093069
-129109872
-129116279
-129128770
-129132803
-12913402
-129161384
-129168880
-129170480
-129180988
-129189857
-129191529
-129192672
-129193721
-129198196
-129198442
-129199977
-129201564
-129204291
-129210615
-129212492
-129212548
-129216198
-129228005
-129228728
-129239706
-129248874
-129253804
-129266734
-12928752
-129303887
-129309612
-129315557
-129322545
-129355535
-129359574
-129369202
-129371267
-129400987
-129413079
-129422979
-129440920
-129444210
-129451297
-129455352
-129457591
-129467319
-129470858
-129483891
-129507542
-129509881
-129514762
-129541517
-129542147
-129542475
-129563453
-129574423
-129579163
-129598324
-12960515
-129622562
-129639646
-129648739
-129649445
-129650548
-129662220
-129674871
-129681952
-129712536
-129713044
-129716442
-129743468
-129755467
-129761820
-129761947
-129784925
-129789254
-129791839
-129795382
-129797328
-129802831
-129830388
-129837213
-129838220
-129840928
-129845759
-129848262
-129853090
-129853429
-129860257
-1298852
-129909283
-129922752
-129926524
-129926567
-129931793
-129964157
-129964951
-130001443
-130001605
-130002442
-130015789
-130020362
-130022565
-13002369
-130031321
-130032378
-130034858
-130040876
-130049073
-130052276
-130067981
-130080054
-130087161
-130087175
-130089840
-130103335
-130104811
-130112629
-130139869
-130161636
-130171350
-130172277
-130183697
-130189050
-130202282
-13020259
-130212995
-130229458
-130238588
-130244144
-130255286
-130258688
-130278917
-130281751
-130301230
-130305573
-130332891
-130333993
-130344541
-130361700
-130363930
-130379553
-130403259
-130446869
-130469731
-130479000
-130498891
-130499590
-130510030
-130514449
-130520601
-130544870
-130552161
-130586700
-130588424
-130599350
-130617750
-130629123
-130633718
-130634440
-130634829
-130657839
-130668192
-130673872
-130682987
-130691581
-130713909
-130715263
-130716190
-130728355
-130731502
-130738588
-130742079
-130762797
-130763592
-130778910
-130783711
-130791742
-130792319
-130801136
-130817200
-130826853
-130834037
-130841612
-130847076
-130856960
-130859476
-130862611
-130869752
-130871444
-130886012
-13089914
-130919289
-130923248
-130928122
-130928479
-130940908
-130943058
-130944185
-130958801
-130967399
-130969681
-130984056
-130997173
-130997630
-130999881
-131029989
-131048323
-131049574
-131060546
-131065345
-131068208
-131071873
-131082065
-13109005
-131090169
-131133377
-131136144
-131136806
-131139796
-131152698
-131152708
-131177548
-131183120
-131214425
-131241207
-131244181
-131249803
-131255117
-131255885
-131262557
-131286176
-131291755
-131295401
-131306221
-131319449
-131321561
-131323606
-131325803
-131328684
-131329558
-131334077
-131353283
-131401585
-131447640
-131448125
-131457056
-131460294
-131461698
-131476819
-131495347
-131496427
-131506613
-131510440
-131530793
-131538578
-131539595
-131563631
-131570021
-131580094
-131588711
-131590048
-131590304
-131598456
-131631552
-131632137
-131660206
-131669095
-131678187
-131682206
-131694431
-131743699
-131748579
-131751103
-131753551
-131754819
-131768726
-131769778
-131780085
-131791746
-131805196
-131807176
-131812947
-131818450
-131826344
-131835366
-131874092
-131875793
-131879618
-131888887
-131890794
-131912505
-131917513
-131942006
-131944990
-131946768
-131950413
-131958409
-131978747
-132001650
-132006454
-132006520
-132031034
-132036397
-132040537
-132044130
-132050308
-132058210
-132066984
-132080426
-132085761
-132099481
-132108568
-132110050
-132111942
-132112116
-132120004
-132123625
-132164823
-132171729
-132175138
-132180030
-132181039
-132197402
-132201453
-132217649
-132219457
-132243474
-132249123
-132259424
-132273004
-132277647
-132290032
-13231311
-132325902
-132326407
-132366923
-132372122
-132375691
-132377258
-132378650
-132388126
-132397534
-132406304
-132409663
-132412895
-132422769
-132450740
-132460501
-132482588
-132483830
-132504590
-132517906
-132545077
-132558032
-132567830
-132570214
-132574035
-132595997
-132613702
-132625616
-132627889
-132628864
-132636704
-132637501
-132641079
-132648168
-132648262
-132697878
-132713525
-132731100
-132732692
-132766826
-132767084
-132770570
-132787732
-132792206
-132803045
-132805083
-132831353
-132834556
-132835290
-132859209
-132875061
-132878539
-132883608
-132889196
-132911487
-132918163
-132936226
-132936509
-132949770
-132950512
-132958400
-132961893
-132968293
-132982470
-132991531
-132993428
-133005017
-133010962
-133022164
-133028963
-133033986
-133042420
-133043378
-133072780
-133075267
-133079386
-133124188
-133147702
-133148421
-133161614
-133163273
-133165138
-133166460
-133171247
-133185929
-133194163
-133212935
-133218912
-133229172
-133233218
-133234280
-133254971
-133256938
-133277997
-133289134
-133290029
-133290612
-133298584
-133315364
-133329052
-133330523
-133331649
-133338370
-133343003
-133344108
-133348445
-133358381
-133363411
-133367131
-133370471
-133371389
-133373881
-133375402
-133376255
-133397987
-133426588
-133434618
-133438364
-133450279
-133454379
-133485012
-133499100
-133506797
-133510968
-133517366
-133518129
-133521369
-13352568
-133527225
-133536953
-133539173
-133556568
-133568738
-133576799
-133578645
-133581412
-133582940
-133586383
-133602505
-133619397
-133620302
-133639473
-133647055
-133653370
-133677508
-133684955
-133719612
-133722800
-133731128
-133753626
-133778146
-133801296
-133837021
-133840971
-133848554
-133855011
-133856423
-133864737
-133874543
-133906232
-133906457
-133911722
-133912205
-133913357
-133918987
-133919270
-133927676
-133943318
-133943515
-133955198
-133956073
-133968565
-133971519
-133974546
-133991228
-133991581
-133991989
-134013976
-134020174
-134025674
-134033022
-134042451
-134046525
-134046852
-134057281
-134066848
-134071673
-134081504
-134102704
-134117520
-134117689
-134126918
-134130261
-134132125
-134147055
-134148252
-134151364
-134200826
-134209948
-134215278
-134244129
-134247441
-134262055
-13427207
-134291143
-134295505
-134332049
-134340979
-134346702
-134363599
-134366194
-134373121
-134388341
-134390189
-134397173
-134398661
-134432384
-134443804
-134469205
-134472051
-134485776
-134505372
-134509101
-134509812
-134512113
-134519228
-134523189
-134546948
-134549321
-134562388
-134569768
-134586662
-134589895
-134593087
-134604748
-134606861
-134609477
-134611721
-134614274
-134625929
-134631481
-134650507
-134657493
-134666063
-134668975
-134670000
-134673839
-134678544
-134688876
-134689557
-134699178
-134717544
-134726467
-134735524
-134746067
-134747475
-134768125
-134785153
-134789875
-134793044
-134794021
-134798319
-134808415
-134814509
-134821837
-134832697
-134834401
-134865388
-134886183
-134888009
-134897323
-134923855
-134928790
-134931808
-134936129
-134957243
-134983002
-134984821
-135018152
-135023640
-135031283
-135062791
-135063594
-135075203
-135097172
-135103479
-135104322
-135104444
-135105885
-135112796
-135120800
-135125878
-135148107
-135153300
-135159520
-135168802
-135182516
-135183327
-135184979
-135198759
-135209209
-135215192
-135215848
-135234866
-135237595
-135272098
-135295541
-135302629
-135304497
-135311724
-135324977
-135326372
-135332693
-135345225
-135366903
-135368376
-135376532
-135382740
-135385164
-135391234
-135394367
-135395768
-135397573
-135406409
-135414021
-135427700
-135432433
-135433648
-135439070
-135448583
-135453688
-135454092
-135465976
-135476205
-135488637
-135503403
-135504446
-135507324
-135510559
-135517761
-135520921
-135530389
-135531065
-135554736
-135555431
-135576820
-135580270
-135587515
-135591224
-135596126
-135597322
-135602391
-135602604
-135606794
-135626954
-135627028
-135638413
-135651541
-135654997
-135663795
-135668314
-135672699
-135681124
-135681427
-135681736
-135686809
-135688647
-135692708
-135693048
-135709537
-135717067
-135730027
-135731017
-135745301
-135749292
-135757349
-135760872
-135761871
-135774041
-135783497
-135810788
-135811253
-135816837
-135828747
-135828983
-135831330
-135840239
-135850087
-135889696
-135898824
-135898952
-135907946
-135911486
-135918053
-135919960
-135934394
-135944166
-135945508
-135958777
-135965721
-135970307
-135985270
-136000715
-136015170
-136032007
-136035480
-136036014
-136042030
-136048417
-136053657
-136074633
-136077712
-136084498
-136095778
-136097096
-136131466
-136145113
-136162406
-136180326
-136205517
-136217314
-136217456
-136223601
-136224915
-136239496
-136262014
-136270101
-136281534
-136285402
-136302221
-136347836
-136364833
-136369827
-136372013
-136374950
-136382927
-136383832
-136404917
-136406824
-136418289
-136418974
-136435424
-136466810
-136472791
-136483647
-136485158
-136492971
-136494595
-136499377
-136518874
-136523563
-136533763
-136548600
-136573077
-136584675
-136621453
-136630023
-136631072
-136642644
-136653026
-136658358
-136658647
-136661640
-136664014
-136664316
-136666097
-136689346
-136705289
-136708690
-136721120
-136721584
-136728078
-136734589
-136738678
-136742575
-136744877
-136751057
-136753161
-136766569
-136766811
-136767039
-136773873
-136775651
-136782313
-136803108
-136812881
-136813783
-136814661
-136817833
-136827646
-136848982
-136872900
-136880506
-136888084
-136899153
-136907525
-136918918
-136928451
-136938562
-136958104
-136961429
-136978907
-136981333
-136991778
-136992426
-136993879
-137002889
-137006735
-137010727
-137016365
-137028775
-137037850
-137042411
-137044803
-137047592
-137048162
-137074421
-137085027
-137089863
-137097162
-137101022
-137104028
-137106745
-137107024
-137108524
-137108867
-137128856
-137134896
-137135755
-137192188
-137206730
-137225625
-137235530
-137237744
-137242353
-137246636
-137254912
-137264811
-137287944
-137297844
-137303123
-137309661
-137314292
-137318853
-137329025
-137331344
-137337127
-137346266
-137351233
-137358045
-137367005
-137387102
-137396145
-137401296
-137419351
-137448913
-137457524
-137472988
-137481121
-137485896
-137495814
-137500042
-137501464
-137529051
-137532406
-137534255
-137535177
-137549323
-137557467
-137576448
-137583711
-137584174
-137610324
-137610399
-137614006
-137635345
-137636392
-137654111
-137655166
-137656073
-137659973
-137668625
-137683043
-137688134
-137730131
-137734237
-137741103
-137761738
-137764636
-137774454
-13778843
-137794123
-137795967
-137808160
-137815421
-13782144
-137827945
-137829032
-137845447
-137858332
-137859090
-137859744
-137859886
-137862179
-137865180
-137867223
-137870799
-137882360
-137901192
-137915143
-137919008
-137923559
-137964439
-137967360
-137971090
-137979025
-137992861
-138008828
-138010545
-138039945
-138044965
-138059671
-138062388
-138070678
-138108329
-138128731
-138132567
-138138279
-138152980
-138167983
-138179520
-138186473
-138204635
-138213985
-138233506
-138240235
-138253494
-138263283
-138269845
-138272351
-138285215
-138296513
-138307146
-138313500
-138319248
-138327818
-138327837
-138337863
-138342314
-138352277
-138385832
-138394805
-138396365
-138439957
-138442646
-138447167
-138456418
-138459979
-138465253
-138466252
-138466974
-138489114
-138499823
-138506478
-138549638
-138555890
-138558858
-138562927
-138569502
-138582304
-138586350
-138595899
-138607926
-138612770
-138622853
-138626153
-138644085
-138693939
-138697298
-138700980
-138714291
-13871615
-138720117
-138737996
-138749019
-138755823
-138763341
-138770065
-138772007
-138783994
-138786005
-138794423
-138824038
-138825925
-138839265
-138843702
-138848863
-138871253
-138872287
-138881724
-138891267
-138904288
-138919169
-138924096
-138934400
-138944752
-138957519
-138959883
-13896409
-138966822
-138986302
-138988561
-139003600
-139008173
-139046564
-139077630
-139090220
-139093470
-139101170
-139102818
-139115753
-139133141
-139156753
-139163695
-139171341
-139190372
-139190697
-139192259
-139194206
-139201712
-139206313
-139216942
-139217943
-139218301
-139230966
-139231166
-139240206
-139249492
-139255678
-139256580
-139267419
-139267445
-139275699
-139279910
-139290075
-139295353
-139306491
-139312708
-139362190
-139384712
-139391750
-139401407
-139416081
-139426471
-139429623
-139430252
-139433257
-139454749
-139467355
-139468869
-139497814
-139504839
-139507620
-139509528
-139521313
-139532547
-139543913
-139560970
-139562037
-139572423
-139573845
-139575680
-139578219
-139580174
-139611910
-139612785
-139619253
-139619941
-139633152
-139644263
-139649801
-139664700
-139679729
-139699364
-139720244
-139722674
-139724358
-139742751
-139744495
-139744984
-139760817
-139767916
-139793686
-139810304
-139827492
-139847359
-139851684
-139873015
-139893516
-139895552
-139897570
-139901497
-139906797
-139907122
-139939093
-139949786
-139961840
-139971015
-139979200
-139980987
-139989609
-140002885
-140004935
-140031759
-140033891
-140043883
-140053900
-140057370
-140058132
-140059825
-140062406
-140067980
-140075307
-140079599
-140079886
-140080851
-140095233
-140096120
-140104281
-140120268
-140124036
-140134386
-140137202
-140142004
-140147021
-140155151
-140164416
-140166326
-140170932
-140173487
-140184058
-140184587
-140209263
-140219340
-140220942
-140227341
-140229099
-140233850
-140235058
-140235664
-140239818
-140242303
-140253551
-140263975
-140289708
-140301454
-140303201
-140305257
-140307159
-140307472
-140312977
-140320720
-140326198
-140333075
-140337595
-140360778
-140364107
-140367000
-140373887
-140376876
-140389607
-140390057
-140407423
-140439346
-140447294
-140451733
-140453039
-140459025
-140462725
-140468629
-140469586
-140501547
-140510628
-140545293
-140568512
-140593882
-140617534
-140620446
-140622408
-140623118
-140634813
-140641344
-140657728
-140669493
-140670152
-140674058
-140717491
-140726187
-140734312
-140745946
-140747496
-140749858
-140758554
-140762197
-140788899
-140790934
-140796595
-140827010
-140830081
-140831466
-140844303
-140853314
-140872681
-140873744
-140901828
-140915935
-140934627
-140955011
-140960782
-140972539
-140979778
-140980439
-140981788
-140982957
-140996551
-140998434
-141014143
-141014250
-141028503
-141040160
-141045236
-141057997
-1410650
-141075230
-141096548
-141105963
-141107667
-141111521
-141114719
-141120505
-141122160
-141138346
-141140014
-141146098
-141167994
-141171272
-141194421
-141206051
-141220994
-141225037
-141230554
-141233076
-141233812
-141235766
-141248005
-141265767
-141268741
-141269580
-141269632
-141293753
-141294224
-141336824
-141361138
-141373017
-141373882
-141397309
-141402210
-141407302
-141411920
-141418522
-141418871
-141419433
-141425425
-141435456
-141450727
-141480600
-141482158
-141492053
-141500101
-141508286
-141531783
-141532414
-141536779
-141544091
-141549538
-14157211
-141573315
-141583271
-141583536
-141588226
-141618362
-141624779
-141638086
-141639808
-141655984
-141662347
-141669602
-141673092
-141684089
-141688816
-141691624
-141699941
-141700198
-141709111
-141715425
-141715907
-141720311
-141730946
-141731599
-141733304
-141743896
-141767655
-141775156
-141775644
-141783672
-141788860
-141798695
-141798828
-141809809
-141812733
-141820286
-141829947
-141832937
-141847840
-141854331
-141857004
-141866530
-141870123
-141877410
-141883308
-141886846
-141894142
-141894688
-141897021
-141898948
-141901188
-141904920
-141914798
-141916692
-141921018
-141922323
-141946592
-141964031
-141968729
-141973186
-141975251
-141984890
-142016285
-142022245
-142042273
-142043728
-142047936
-142053129
-142061055
-142072040
-142072042
-142077235
-142134339
-142145557
-142145967
-142147172
-142148250
-142149988
-142151803
-142156268
-142162750
-142173804
-142173955
-142185806
-142186253
-142190745
-142196842
-142198338
-142210090
-142211142
-142212148
-142212991
-142216549
-142219471
-142246231
-142253155
-142268921
-142272871
-142273094
-142276674
-142278817
-142316081
-142317674
-142343456
-142343514
-142383749
-142410310
-142414826
-142420318
-142429669
-142435070
-142437795
-142439840
-142441965
-142449033
-142456025
-142458534
-142481423
-142520859
-142526335
-142527821
-142533294
-142539784
-142548655
-142556181
-142565448
-142581458
-142590948
-142596572
-142610148
-142632392
-142635257
-142641604
-142643653
-142647269
-142658472
-142663747
-142683506
-142692203
-142694633
-142698885
-142701644
-142708675
-142718030
-142721363
-142725875
-142730362
-142731572
-142734357
-142754423
-142757872
-142760858
-142766384
-142773852
-142782008
-142797933
-142800971
-142808700
-142832765
-142833864
-142836047
-142837460
-142840264
-142846174
-142857723
-142857945
-142860082
-142889749
-142892334
-142910549
-142938609
-142959716
-142967519
-142969489
-142980358
-142991630
-142993697
-142993907
-142995706
-143008789
-143011798
-143027572
-143035588
-143046251
-143068708
-143076024
-143078072
-143104967
-143108595
-143116042
-143123976
-143126547
-143129184
-143144589
-143145847
-143147078
-143158803
-143166017
-143169006
-143170430
-143190300
-143195300
-143201861
-143227413
-143249013
-143263470
-143269027
-143297188
-143301036
-143309094
-143317105
-143322818
-143323748
-143327870
-143328216
-143342003
-143349760
-143358912
-143369187
-143379744
-143382483
-143384981
-143412164
-143416980
-143421136
-143452281
-143468674
-143470135
-143485338
-143488782
-143510250
-143511516
-143515613
-143522106
-143526463
-143540259
-143554893
-143560269
-143568272
-143573172
-143577155
-143578114
-143578266
-143578733
-143588299
-143589134
-143592765
-143596655
-143607265
-143612167
-143650853
-143670256
-143683079
-143692362
-143694166
-143716803
-14372460
-143725913
-143737025
-143759544
-143779266
-143783867
-143786898
-143786978
-143797283
-143826584
-143847477
-143871705
-143879427
-143883772
-143902269
-143907270
-143912235
-143912613
-143945103
-143945843
-143954613
-143956812
-143981791
-143992027
-144028915
-144044564
-144051689
-144057237
-144057892
-144066806
-144077097
-144079386
-144092129
-144095540
-144102511
-144104717
-144109906
-144117292
-144129033
-144132087
-14416876
-144174538
-144190242
-144194851
-144234674
-144238876
-144244926
-144257870
-144257952
-144258113
-144287021
-144290283
-144298389
-144319653
-144322004
-144363061
-144368311
-144381921
-144390114
-144395885
-144407613
-144411947
-144414930
-144421202
-144421931
-144424206
-144442159
-144467744
-144479190
-144495074
-144497382
-144500798
-144558089
-144569657
-144597754
-144598966
-144606691
-144609499
-144610894
-144611043
-144619303
-144620584
-144637924
-144641614
-144646160
-144655662
-144655792
-144656972
-144658353
-144670514
-144716602
-144720572
-144733707
-144768563
-144779609
-144784175
-144785052
-144785311
-144791716
-144795790
-144800383
-144847881
-144862243
-144866518
-144891791
-144899034
-144909532
-144910380
-144932140
-144944213
-144980519
-144982097
-144984959
-144995200
-145026373
-145028403
-145031351
-145038279
-145049332
-145054226
-145080962
-145090403
-145103429
-145104211
-145108284
-145141961
-145143285
-145154976
-145167281
-145167430
-145167783
-145178918
-145184409
-145198113
-145216065
-145219215
-145224042
-145226884
-145240753
-145281631
-145306044
-145336392
-145340852
-145357707
-145377112
-145389668
-145426818
-145428893
-145444774
-145451484
-145454117
-145484901
-145487540
-145492457
-145496660
-145500592
-145503702
-145508335
-145510835
-145516571
-145516622
-145547141
-145549838
-145555970
-145557887
-145574957
-145589840
-145598690
-145611937
-145619448
-145622471
-145631108
-145637164
-145639159
-145656539
-145656750
-145663037
-145668482
-145707489
-145716750
-145745018
-145771613
-145776286
-145783295
-145783940
-145793324
-145801866
-145803045
-145806401
-145820421
-145835564
-145836190
-145836824
-145854435
-145869198
-145870220
-145870379
-145888840
-145925931
-145972438
-145979792
-145989571
-145993251
-145994217
-146003322
-146014154
-146031926
-146043495
-146044850
-146050236
-146057770
-146060605
-146075174
-146075422
-146094319
-146099066
-146106955
-146108646
-146131148
-146144090
-14614624
-146147510
-146149538
-146155558
-146159326
-146163696
-146178787
-146186277
-146202144
-146236038
-146248915
-146251776
-146254902
-146256824
-146273986
-146274785
-146279297
-146284407
-146295143
-146307070
-146324930
-146335189
-146344111
-146347961
-146383537
-146405487
-146406111
-146437971
-146439130
-146442389
-146443250
-146453999
-146462925
-146471905
-146485883
-146487355
-146492115
-146492776
-146512610
-146515769
-146523153
-146535588
-146539793
-146546277
-146559541
-146572794
-146578493
-146589753
-146602358
-146603597
-146609368
-146619845
-146642766
-146650114
-146656529
-146665014
-146676376
-146677345
-146688990
-146691587
-146693101
-146706269
-146715900
-146724414
-146727375
-146756453
-146771892
-146776996
-146787253
-146787465
-146791599
-146794819
-146795420
-146795972
-146806904
-146807782
-146829176
-146859176
-146866102
-146877114
-146895819
-146905060
-146937462
-146949216
-146958148
-146964606
-146970811
-146975862
-146979825
-146985363
-147009643
-147023787
-147028884
-147030124
-147055018
-147062774
-147066610
-147072352
-147097280
-147101585
-147128259
-147150358
-147151473
-147154951
-147189063
-147204953
-147207018
-147212618
-147213816
-147213845
-147250998
-147252124
-147256778
-147262395
-147278707
-147306789
-147307101
-147353358
-147355865
-147365394
-147367212
-147386368
-147391043
-147405839
-147409447
-147423086
-147437241
-147443864
-147449438
-147450593
-147452567
-147454871
-147456210
-147457379
-147470802
-147474484
-147508814
-147521526
-147521724
-147525204
-147525895
-147529503
-147531035
-147539919
-147552013
-147604071
-147627651
-147631581
-147632698
-147656325
-147679103
-147685194
-147712370
-147727381
-147729188
-147740588
-147744961
-147752334
-147757289
-147770125
-147770873
-147782741
-147812192
-147839341
-147843192
-147856456
-147858843
-147859733
-147870808
-147888543
-147934036
-147952177
-147968916
-147970896
-147976268
-147985989
-147993373
-147995409
-148009960
-148021025
-148028637
-148033897
-148041566
-148049227
-148054471
-148073783
-148075492
-148077484
-148083423
-148091812
-148099080
-148115168
-148123602
-148125484
-148131751
-148133784
-148149922
-148152622
-148184085
-148198859
-148201523
-148204633
-148208117
-148230322
-148234205
-148265612
-148270705
-148271643
-148304189
-148307443
-148326492
-148330295
-148345267
-148345969
-148350653
-148363199
-148365596
-148373063
-148383302
-148387115
-148388774
-148408146
-148410802
-148415254
-148421447
-148427676
-148436495
-148437069
-148445365
-148449679
-148489186
-148494768
-148497306
-148519417
-148533217
-148535311
-148538918
-148543078
-148546604
-148575090
-148576950
-148597033
-148607253
-148607375
-148609085
-148611122
-148614614
-148623662
-148632877
-148659644
-148663219
-148674696
-148678770
-148679436
-148681990
-148689394
-148704703
-148708862
-148773292
-148777684
-148803001
-148803128
-148830988
-148832513
-148835942
-148850030
-148852923
-148857038
-148857690
-148871085
-148888520
-148891407
-148900022
-148902326
-148921201
-148927548
-148936460
-148940573
-148954144
-148958980
-148990853
-148991148
-148999057
-149016811
-149043232
-149043496
-149045821
-149048106
-149050249
-149052010
-149081183
-149085389
-149095898
-149101109
-149107316
-149110858
-149112570
-149116949
-149135451
-149140195
-149146489
-149149019
-149163006
-149165045
-149211634
-149212167
-149214976
-149222319
-149225834
-149244876
-149250096
-149259995
-149281645
-149303490
-149331097
-149334451
-149334870
-149352677
-149373380
-149376210
-149390025
-149413247
-149458701
-149461426
-149479341
-149488787
-149500556
-149528139
-149565888
-149573897
-149618657
-149661956
-149664141
-149669225
-149692613
-149704468
-149720792
-149727202
-149732066
-149740228
-149759630
-149771608
-149790125
-149803827
-149816914
-149824974
-149833327
-149848334
-149848677
-149879068
-149882570
-149884405
-149906134
-149912914
-149928643
-149939754
-149953078
-149956434
-149962405
-149963713
-149971284
-149972253
-149977843
-149983147
-150038560
-150128906
-150133017
-15013474
-150194821
-150245219
-150332832
-150353141
-150420353
-150423153
-150447712
-150455963
-15050496
-150565641
-150589530
-150784898
-150792389
-150826285
-150837202
-150913343
-150922464
-150926909
-150994845
-151058663
-151121965
-151164122
-151211642
-151215440
-151226136
-151266402
-151274714
-151293542
-151332561
-151393874
-151413470
-151457596
-151460406
-151468683
-151572876
-151577006
-151601230
-151606752
-151649472
-151657079
-151691926
-151714946
-151770107
-151816136
-151893587
-151922802
-151931887
-151971239
-151982255
-152002011
-152086214
-152133015
-152147865
-152222622
-152227585
-152279173
-152359228
-152425979
-152498105
-152521749
-152529091
-152599994
-152621172
-152661383
-152680294
-152708760
-152737060
-15280888
-152892710
-152953968
-152969689
-153006440
-153020129
-153021357
-153072008
-153072279
-153116652
-15329006
-153293762
-153321764
-153349459
-153358135
-153416215
-153428929
-153473342
-153575713
-153647007
-153705422
-153745419
-153746815
-153750217
-153762572
-15380084
-153856490
-153903128
-153912329
-153936136
-154008792
-154019173
-154022302
-154022610
-154055699
-154085937
-154197149
-154281346
-154355482
-154384559
-154407162
-154456755
-154461049
-15459129
-154591569
-154736371
-154881519
-154925686
-154951457
-155044669
-155046008
-155046460
-155119120
-155181139
-155263829
-155274458
-15541304
-155422300
-155438030
-155464290
-155511383
-155519033
-155649013
-155660217
-155736268
-155738553
-155814688
-155821230
-155823654
-155956068
-156011806
-156014105
-156073946
-156282650
-156348193
-156402702
-156435906
-156451311
-156459079
-156492560
-156523426
-156536670
-156672189
-156693933
-156711723
-156712405
-156732970
-156801287
-156916246
-156964814
-156997959
-157007129
-157033498
-157065543
-157079926
-157112494
-157119364
-157156326
-157187844
-157263454
-15727272
-157279901
-157305616
-157312781
-157338789
-157340098
-157396714
-157421185
-157441365
-157449574
-15758190
-157620654
-157645008
-157820850
-157862121
-157864226
-157901237
-157959196
-157961282
-158014248
-158128162
-158153303
-158169955
-158191360
-158278241
-158326487
-158368959
-158385331
-158466350
-158476799
-158497931
-158505979
-158596508
-158601620
-158634546
-158635380
-158726775
-158760812
-158770432
-158787094
-158794773
-15890630
-158966643
-159082825
-159089842
-159159171
-159219770
-159361326
-159397669
-159420444
-159424518
-159458622
-159603627
-159647184
-159669190
-159711018
-159714971
-159814324
-159890339
-159925362
-159958758
-160033045
-160078639
-160138376
-160143101
-160154895
-160160524
-160181188
-160583340
-160597292
-160644348
-160668929
-160685833
-16073653
-160740270
-160799464
-160822330
-160887377
-160970820
-160996562
-161059523
-161151696
-161222795
-161261172
-161419253
-161499117
-161519997
-161612215
-161620914
-161624216
-161630386
-161632788
-161663439
-161690070
-161696243
-161756581
-161780632
-161860242
-161872089
-161924050
-161993664
-162027917
-16207395
-162086384
-162089265
-162195092
-162195834
-16224945
-162282281
-162314148
-162388724
-162424795
-162494458
-162591169
-162601591
-162611147
-162611339
-16264049
-16267754
-162698544
-162782877
-162799850
-162896830
-162908797
-162928119
-162932716
-162953633
-162965812
-162990390
-163073609
-163139893
-163195192
-163210334
-163257183
-163283193
-163347784
-163393619
-163450686
-163468582
-163489083
-163500517
-163611003
-16364807
-163719222
-163771361
-163799374
-163814037
-163828694
-163888289
-163903423
-163930347
-163954826
-16397406
-163994507
-164000418
-164022600
-164052006
-164154380
-164156942
-164180092
-164199344
-164233293
-164240450
-164248442
-164275147
-164295767
-164301218
-164303199
-164359594
-164397794
-164461186
-164488906
-164495805
-164499208
-164521269
-164586045
-164671046
-164672764
-164687001
-164707025
-16472855
-164728775
-164797523
-164868283
-164896004
-164974403
-165084581
-165111279
-165153980
-165228581
-165262938
-165363747
-165400153
-165412480
-165420540
-165434200
-165501176
-165679439
-165728711
-165734221
-165767602
-165851333
-165874132
-165928633
-165930022
-166064932
-166067948
-166109930
-166112527
-166150707
-166167885
-166328743
-166428792
-166443380
-166522243
-16657561
-166612020
-166619153
-166626670
-166627509
-166655674
-166698805
-166772343
-166883702
-166912863
-166931660
-167025078
-16704460
-167064122
-167098431
-167115312
-167164293
-167191915
-167210411
-167221781
-167312460
-167320312
-167329810
-167353151
-167370882
-167509229
-167522690
-167631510
-167633366
-167848116
-167855764
-167934809
-167940946
-168086361
-168109307
-168178376
-168218315
-16827916
-168314935
-168330156
-168388903
-168462509
-168475416
-168556837
-168618315
-168661483
-168675327
-168724118
-168724353
-168864214
-168876978
-168891306
-168924435
-168976168
-169034666
-169083043
-169125911
-169135577
-169175234
-169200586
-169264692
-169298654
-169375141
-16943151
-169439524
-169445602
-169498147
-169524079
-169531258
-169677810
-169722849
-169821646
-170036958
-170042202
-170121766
-170165252
-170250315
-170376462
-170527163
-170550493
-170589950
-170678692
-170687700
-170708380
-170711430
-170751298
-170803420
-170865088
-170867889
-170874614
-17101527
-171108683
-171125511
-171145090
-171219962
-171231333
-171258717
-171316195
-171323943
-171410063
-171415864
-171479895
-171573889
-171679389
-171760474
-171770394
-171875524
-171957876
-171961975
-171965332
-171987831
-172001838
-172027535
-172071053
-172192349
-172289975
-172348972
-172354555
-172371786
-172387487
-172466442
-172742640
-172756519
-172869824
-172898902
-172951020
-172954286
-172955381
-172990890
-173010554
-173034142
-173074511
-173121321
-173137405
-173193617
-173195296
-17322655
-173305657
-173379999
-173466797
-173487254
-173536529
-173588754
-173646063
-173719616
-173796389
-173809073
-173854228
-173876048
-173943996
-173950843
-173968202
-173997313
-174059583
-174095069
-174138607
-174163281
-174219262
-17425555
-174347782
-174367068
-174380411
-174380433
-174511752
-174512501
-174586571
-174627846
-174705362
-174710614
-174742769
-174921633
-175020168
-175037924
-175087011
-175130127
-175148211
-175244789
-175268844
-175375264
-175436133
-175508752
-175544800
-175560449
-175597189
-175603300
-175603743
-175628987
-17563917
-175731939
-175788288
-175801132
-175826868
-175841384
-175848727
-175930784
-176078961
-176081132
-176085092
-176099474
-176138320
-176222739
-176227940
-176282461
-176293272
-176307922
-176322030
-176372856
-176468561
-176495137
-176713682
-176727378
-176782546
-176788321
-176811949
-176824019
-176847929
-176853435
-176875721
-176893369
-176902999
-176955139
-176957363
-176985944
-177017302
-177117330
-177128594
-177141645
-177168416
-177260138
-177379926
-177408518
-177505982
-177517814
-177523535
-177642300
-17767460
-177727745
-177780390
-177785828
-177829093
-177875504
-177908240
-177914438
-177915893
-177975035
-177989529
-178016830
-178032521
-178041655
-178069935
-178159515
-178162233
-178162331
-178173612
-178198753
-178220657
-178233937
-178246576
-178250197
-178250512
-178280611
-178314103
-1784001
-178518101
-17859758
-17863402
-178677302
-178679847
-178760273
-178818346
-178838771
-178848472
-178851448
-178852890
-178875267
-178940600
-179043169
-179061368
-179112989
-179200603
-179239593
-179383633
-179402111
-179441891
-179460107
-179501168
-17957054
-179603052
-179684136
-179697149
-179700153
-179729309
-179768988
-179791469
-179793206
-179809549
-179844881
-179879490
-179920092
-179929131
-18069012
-18236208
-18655631
-18750400
-188961
-19008421
-19057474
-19200654
-19460472
-19465358
-19537618
-19577729
-19706909
-19733374
-19890148
-19910348
-20067886
-20161674
-20227059
-20369622
-20434682
-20479266
-20542599
-20739966
-20743652
-20914530
-20926811
-20967050
-21161627
-21260117
-21283481
-21404623
-21414339
-21620139
-21629831
-21692458
-2169528
-21774240
-21789430
-21814538
-21997176
-22007064
-22121470
-2233054
-22426352
-22444195
-22544214
-22572544
-22668681
-22686410
-22788719
-22815048
-22832920
-2298146
-22987251
-23067742
-23128570
-23232634
-23326150
-23547015
-23549043
-23632868
-2367085
-23792567
-23812389
-24155059
-24245598
-24403347
-24526084
-24724938
-24728173
-2473365
-24825645
-24869300
-25042676
-25326678
-25436417
-25554554
-25696394
-25769496
-25862722
-25897654
-26021413
-26632284
-26632881
-26722004
-26768105
-26770126
-26992539
-27088730
-27114020
-27433031
-27462190
-27577808
-27743461
-28062091
-28106783
-28318515
-28620929
-28667333
-28750730
-28759470
-29278947
-29359638
-29466914
-29536603
-29794422
-29893652
-30179466
-30201685
-30262177
-30653693
-30705256
-30785918
-30806791
-30997386
-31028099
-31030121
-31109272
-31385969
-31426290
-31426305
-31448372
-31540205
-31591449
-31623644
-31678734
-31727537
-31805910
-31889292
-32040856
-32367991
-32461660
-32496165
-32504466
-32606689
-32612086
-32647064
-3294780
-33040212
-33107864
-33375737
-33522528
-33537988
-33549258
-33698417
-33999860
-34024016
-34053362
-34317217
-34415275
-34427994
-34853522
-35103272
-35103954
-35207115
-35401487
-36109316
-36144345
-36268068
-36595132
-36606281
-3665313
-36907353
-37165400
-37224079
-37224995
-37237843
-37315300
-37464531
-37536304
-37542940
-37601172
-37687438
-37950930
-37958488
-38037829
-38042327
-38059821
-38144365
-38517100
-38621985
-38699693
-38800932
-38822924
-38856094
-38910548
-38913566
-39012112
-39039651
-39161640
-39341168
-39641579
-39845239
-39884169
-39941699
-39965078
-39969829
-40007062
-40160793
-40576129
-40700234
-40804976
-41678649
-41720167
-41781451
-41871072
-42109211
-42273617
-42516383
-42764634
-43073307
-4325885
-4360013
-43667472
-43770417
-43916394
-44270208
-44324097
-44483485
-44489275
-45105192
-4518097
-45514514
-45729766
-45754303
-46139359
-46772052
-4708931
-47207471
-47267815
-4776527
-4782494
-48142308
-48291832
-48469939
-48537122
-48616473
-48864197
-50435232
-5082449
-51435392
-51588082
-52228859
-52260464
-52379592
-529186
-53006510
-5304104
-53060095
-53067440
-53305658
-53986408
-5403380
-54106118
-54140711
-5450260
-5454264
-54845693
-54889279
-55344030
-55503694
-55566567
-55840614
-55890485
-56049411
-56493394
-5660117
-56791247
-56963061
-5714107
-57268377
-5730944
-57347695
-57595970
-57812372
-58244158
-5844186
-58491635
-59529677
-59790862
-60086026
-60784977
-60956281
-61125477
-61423952
-61724263
-61863856
-61951771
-6231462
-62587110
-62987112
-6304493
-63185544
-63327085
-63425551
-63961117
-64228392
-6431365
-64917346
-65081706
-65093300
-65381677
-65822446
-66089151
-66178997
-66528030
-66696867
-6681410
-67157159
-6734950
-67464938
-68233921
-68404394
-68846642
-6893265
-69614837
-69704070
-69761919
-69794258
-6984122
-70070194
-70379140
-70674980
-70793099
-70811721
-70851450
-70899250
-71216114
-7133095
-71351144
-71908
-71952988
-7235859
-72392341
-72465411
-7308840
-7312248
-73183768
-734672
-73484548
-73741577
-74036239
-7495623
-7604032
-76331873
-76343896
-7726524
-77365134
-7768705
-77886742
-77891833
-77984165
-78338180
-78580874
-78727147
-79268735
-7975504
-80289042
-8037715
-80545626
-80795590
-80887148
-81138133
-8185559
-82956826
-83057697
-83155192
-8367841
-84058341
-8450373
-84860858
-85136224
-85804555
-85874196
-86904873
-8693610
-87102943
-87105327
-87169372
-87336871
-87443080
-87952993
-88231024
-88606430
-88967921
-90533245
-9053656
-9069170
-91095439
-91241806
-92822890
-92917721
-93081119
-9329269
-9330876
-93448820
-93813277
-93938828
-94201169
-94323694
-94537721
-9556260
-95652569
-95751664
-95977806
-971566
-97394244
-97440123
-97518425
-97574956
-98162554
-98235074
-98724789
-98918560
-9893784
-99229470
-9941994
-99865801
